
puzzlefile:holenumber
  |00|01|02| 
--|--|--|--|
00|00|01|02|
01|03|04|05|
02|06|07|08|
03|09|10|11|
------------------------------------------------------------
0
  |00|01|02| 
--|--|--|--|
00|00|01|02|
01|03|04|05|
02|06|07|08|
03|09|10|11|

puzzlefile:holenumber
  |00|01|02| 
--|--|--|--|
00|01|02|00|
01|03|04|05|
02|06|07|08|
03|09|10|11|
------------------------------------------------------------
0
  |00|01|02| 
--|--|--|--|
00|01|02|00|
01|03|04|05|
02|06|07|08|
03|09|10|11|
------------------------------------------------------------
1
  |00|01|02| 
--|--|--|--|
00|01|00|02|
01|03|04|05|
02|06|07|08|
03|09|10|11|
------------------------------------------------------------
2
  |00|01|02| 
--|--|--|--|
00|00|01|02|
01|03|04|05|
02|06|07|08|
03|09|10|11|

puzzlefile:holenumber
  |00|01|02| 
--|--|--|--|
00|08|06|02|
01|10|01|05|
02|04|09|00|
03|07|11|03|
------------------------------------------------------------
0
  |00|01|02| 
--|--|--|--|
00|08|06|02|
01|10|01|05|
02|04|09|00|
03|07|11|03|
------------------------------------------------------------
1
  |00|01|02| 
--|--|--|--|
00|08|06|02|
01|10|01|05|
02|04|09|03|
03|07|11|00|
------------------------------------------------------------
2
  |00|01|02| 
--|--|--|--|
00|08|06|02|
01|10|01|05|
02|04|09|03|
03|07|00|11|
------------------------------------------------------------
3
  |00|01|02| 
--|--|--|--|
00|08|06|02|
01|10|01|05|
02|04|00|03|
03|07|09|11|
------------------------------------------------------------
4
  |00|01|02| 
--|--|--|--|
00|08|06|02|
01|10|01|05|
02|00|04|03|
03|07|09|11|
------------------------------------------------------------
5
  |00|01|02| 
--|--|--|--|
00|08|06|02|
01|00|01|05|
02|10|04|03|
03|07|09|11|
------------------------------------------------------------
6
  |00|01|02| 
--|--|--|--|
00|00|06|02|
01|08|01|05|
02|10|04|03|
03|07|09|11|
------------------------------------------------------------
7
  |00|01|02| 
--|--|--|--|
00|06|00|02|
01|08|01|05|
02|10|04|03|
03|07|09|11|
------------------------------------------------------------
8
  |00|01|02| 
--|--|--|--|
00|06|01|02|
01|08|00|05|
02|10|04|03|
03|07|09|11|
------------------------------------------------------------
9
  |00|01|02| 
--|--|--|--|
00|06|01|02|
01|00|08|05|
02|10|04|03|
03|07|09|11|
------------------------------------------------------------
10
  |00|01|02| 
--|--|--|--|
00|00|01|02|
01|06|08|05|
02|10|04|03|
03|07|09|11|
------------------------------------------------------------
11
  |00|01|02| 
--|--|--|--|
00|01|00|02|
01|06|08|05|
02|10|04|03|
03|07|09|11|
------------------------------------------------------------
12
  |00|01|02| 
--|--|--|--|
00|01|02|00|
01|06|08|05|
02|10|04|03|
03|07|09|11|
------------------------------------------------------------
13
  |00|01|02| 
--|--|--|--|
00|01|02|05|
01|06|08|00|
02|10|04|03|
03|07|09|11|
------------------------------------------------------------
14
  |00|01|02| 
--|--|--|--|
00|01|02|05|
01|06|00|08|
02|10|04|03|
03|07|09|11|
------------------------------------------------------------
15
  |00|01|02| 
--|--|--|--|
00|01|02|05|
01|06|04|08|
02|10|00|03|
03|07|09|11|
------------------------------------------------------------
16
  |00|01|02| 
--|--|--|--|
00|01|02|05|
01|06|04|08|
02|00|10|03|
03|07|09|11|
------------------------------------------------------------
17
  |00|01|02| 
--|--|--|--|
00|01|02|05|
01|06|04|08|
02|07|10|03|
03|00|09|11|
------------------------------------------------------------
18
  |00|01|02| 
--|--|--|--|
00|01|02|05|
01|06|04|08|
02|07|10|03|
03|09|00|11|
------------------------------------------------------------
19
  |00|01|02| 
--|--|--|--|
00|01|02|05|
01|06|04|08|
02|07|00|03|
03|09|10|11|
------------------------------------------------------------
20
  |00|01|02| 
--|--|--|--|
00|01|02|05|
01|06|04|08|
02|07|03|00|
03|09|10|11|
------------------------------------------------------------
21
  |00|01|02| 
--|--|--|--|
00|01|02|05|
01|06|04|00|
02|07|03|08|
03|09|10|11|
------------------------------------------------------------
22
  |00|01|02| 
--|--|--|--|
00|01|02|00|
01|06|04|05|
02|07|03|08|
03|09|10|11|
------------------------------------------------------------
23
  |00|01|02| 
--|--|--|--|
00|01|00|02|
01|06|04|05|
02|07|03|08|
03|09|10|11|
------------------------------------------------------------
24
  |00|01|02| 
--|--|--|--|
00|01|04|02|
01|06|00|05|
02|07|03|08|
03|09|10|11|
------------------------------------------------------------
25
  |00|01|02| 
--|--|--|--|
00|01|04|02|
01|06|03|05|
02|07|00|08|
03|09|10|11|
------------------------------------------------------------
26
  |00|01|02| 
--|--|--|--|
00|01|04|02|
01|06|03|05|
02|00|07|08|
03|09|10|11|
------------------------------------------------------------
27
  |00|01|02| 
--|--|--|--|
00|01|04|02|
01|00|03|05|
02|06|07|08|
03|09|10|11|
------------------------------------------------------------
28
  |00|01|02| 
--|--|--|--|
00|01|04|02|
01|03|00|05|
02|06|07|08|
03|09|10|11|
------------------------------------------------------------
29
  |00|01|02| 
--|--|--|--|
00|01|00|02|
01|03|04|05|
02|06|07|08|
03|09|10|11|
------------------------------------------------------------
30
  |00|01|02| 
--|--|--|--|
00|00|01|02|
01|03|04|05|
02|06|07|08|
03|09|10|11|

puzzlefile:holenumber
  |00|01|02| 
--|--|--|--|
00|00|06|02|
01|08|04|05|
02|01|10|11|
03|09|07|03|
------------------------------------------------------------
0
  |00|01|02| 
--|--|--|--|
00|00|06|02|
01|08|04|05|
02|01|10|11|
03|09|07|03|
------------------------------------------------------------
1
  |00|01|02| 
--|--|--|--|
00|06|00|02|
01|08|04|05|
02|01|10|11|
03|09|07|03|
------------------------------------------------------------
2
  |00|01|02| 
--|--|--|--|
00|06|04|02|
01|08|00|05|
02|01|10|11|
03|09|07|03|
------------------------------------------------------------
3
  |00|01|02| 
--|--|--|--|
00|06|04|02|
01|00|08|05|
02|01|10|11|
03|09|07|03|
------------------------------------------------------------
4
  |00|01|02| 
--|--|--|--|
00|00|04|02|
01|06|08|05|
02|01|10|11|
03|09|07|03|
------------------------------------------------------------
5
  |00|01|02| 
--|--|--|--|
00|04|00|02|
01|06|08|05|
02|01|10|11|
03|09|07|03|
------------------------------------------------------------
6
  |00|01|02| 
--|--|--|--|
00|04|02|00|
01|06|08|05|
02|01|10|11|
03|09|07|03|
------------------------------------------------------------
7
  |00|01|02| 
--|--|--|--|
00|04|02|05|
01|06|08|00|
02|01|10|11|
03|09|07|03|
------------------------------------------------------------
8
  |00|01|02| 
--|--|--|--|
00|04|02|05|
01|06|08|11|
02|01|10|00|
03|09|07|03|
------------------------------------------------------------
9
  |00|01|02| 
--|--|--|--|
00|04|02|05|
01|06|08|11|
02|01|00|10|
03|09|07|03|
------------------------------------------------------------
10
  |00|01|02| 
--|--|--|--|
00|04|02|05|
01|06|08|11|
02|01|07|10|
03|09|00|03|
------------------------------------------------------------
11
  |00|01|02| 
--|--|--|--|
00|04|02|05|
01|06|08|11|
02|01|07|10|
03|09|03|00|
------------------------------------------------------------
12
  |00|01|02| 
--|--|--|--|
00|04|02|05|
01|06|08|11|
02|01|07|00|
03|09|03|10|
------------------------------------------------------------
13
  |00|01|02| 
--|--|--|--|
00|04|02|05|
01|06|08|00|
02|01|07|11|
03|09|03|10|
------------------------------------------------------------
14
  |00|01|02| 
--|--|--|--|
00|04|02|05|
01|06|00|08|
02|01|07|11|
03|09|03|10|
------------------------------------------------------------
15
  |00|01|02| 
--|--|--|--|
00|04|02|05|
01|00|06|08|
02|01|07|11|
03|09|03|10|
------------------------------------------------------------
16
  |00|01|02| 
--|--|--|--|
00|04|02|05|
01|01|06|08|
02|00|07|11|
03|09|03|10|
------------------------------------------------------------
17
  |00|01|02| 
--|--|--|--|
00|04|02|05|
01|01|06|08|
02|07|00|11|
03|09|03|10|
------------------------------------------------------------
18
  |00|01|02| 
--|--|--|--|
00|04|02|05|
01|01|06|08|
02|07|03|11|
03|09|00|10|
------------------------------------------------------------
19
  |00|01|02| 
--|--|--|--|
00|04|02|05|
01|01|06|08|
02|07|03|11|
03|09|10|00|
------------------------------------------------------------
20
  |00|01|02| 
--|--|--|--|
00|04|02|05|
01|01|06|08|
02|07|03|00|
03|09|10|11|
------------------------------------------------------------
21
  |00|01|02| 
--|--|--|--|
00|04|02|05|
01|01|06|00|
02|07|03|08|
03|09|10|11|
------------------------------------------------------------
22
  |00|01|02| 
--|--|--|--|
00|04|02|00|
01|01|06|05|
02|07|03|08|
03|09|10|11|
------------------------------------------------------------
23
  |00|01|02| 
--|--|--|--|
00|04|00|02|
01|01|06|05|
02|07|03|08|
03|09|10|11|
------------------------------------------------------------
24
  |00|01|02| 
--|--|--|--|
00|00|04|02|
01|01|06|05|
02|07|03|08|
03|09|10|11|
------------------------------------------------------------
25
  |00|01|02| 
--|--|--|--|
00|01|04|02|
01|00|06|05|
02|07|03|08|
03|09|10|11|
------------------------------------------------------------
26
  |00|01|02| 
--|--|--|--|
00|01|04|02|
01|06|00|05|
02|07|03|08|
03|09|10|11|
------------------------------------------------------------
27
  |00|01|02| 
--|--|--|--|
00|01|04|02|
01|06|03|05|
02|07|00|08|
03|09|10|11|
------------------------------------------------------------
28
  |00|01|02| 
--|--|--|--|
00|01|04|02|
01|06|03|05|
02|00|07|08|
03|09|10|11|
------------------------------------------------------------
29
  |00|01|02| 
--|--|--|--|
00|01|04|02|
01|00|03|05|
02|06|07|08|
03|09|10|11|
------------------------------------------------------------
30
  |00|01|02| 
--|--|--|--|
00|01|04|02|
01|03|00|05|
02|06|07|08|
03|09|10|11|
------------------------------------------------------------
31
  |00|01|02| 
--|--|--|--|
00|01|00|02|
01|03|04|05|
02|06|07|08|
03|09|10|11|
------------------------------------------------------------
32
  |00|01|02| 
--|--|--|--|
00|00|01|02|
01|03|04|05|
02|06|07|08|
03|09|10|11|

puzzlefile: